NAME : Exemplo
COMMENT : Exemplo MO420
TYPE : TSP
DIMENSION: 6
EDGE_WEIGHT_TYPE : EUC_2D
NODE_COORD_SECTION
1 0 4
2 2 1
3 2 7
4 7 3
5 8 7
6 12 0
INTERSECTIONS_SECTION
1 2 9 1 2 1 3 1 4 1 5 1 6 2 3 2 4 2 5 2 6
1 3 9 1 2 1 3 1 4 1 5 1 6 2 3 3 4 3 5 3 6
1 4 11 1 2 1 3 1 4 1 5 1 6 2 3 2 4 2 5 3 4 4 5 4 6
1 5 12 1 2 1 3 1 4 1 5 1 6 2 3 2 5 3 4 3 5 3 6 4 5 5 6
1 6 12 1 2 1 3 1 4 1 5 1 6 2 3 2 4 2 5 2 6 3 6 4 6 5 6
2 3 12 1 2 1 3 1 4 1 5 1 6 2 3 2 4 2 5 2 6 3 4 3 5 3 6
2 4 10 1 2 1 4 1 6 2 3 2 4 2 5 2 6 3 4 4 5 4 6
2 5 13 1 2 1 4 1 5 1 6 2 3 2 4 2 5 2 6 3 4 3 5 3 6 4 5 5 6
2 6 9 1 2 1 6 2 3 2 4 2 5 2 6 3 6 4 6 5 6
3 4 11 1 3 1 4 1 5 2 3 2 4 2 5 3 4 3 5 3 6 4 5 4 6
3 5 9 1 3 1 5 2 3 2 5 3 4 3 5 3 6 4 5 5 6
3 6 12 1 3 1 5 1 6 2 3 2 5 2 6 3 4 3 5 3 6 4 5 4 6 5 6
4 5 10 1 4 1 5 2 4 2 5 3 4 3 5 3 6 4 5 4 6 5 6
4 6 9 1 4 1 6 2 4 2 6 3 4 3 6 4 5 4 6 5 6
5 6 9 1 5 1 6 2 5 2 6 3 5 3 6 4 5 4 6 5 6
EOF
