 50 121
50
49
48
47
46
45
44
43
42
41
40
39
38
37
36
35
34
33
32
31
30
29
28
27
26
25
24
23
22
21
20
19
18
17
16
15
14
13
12
11
10
9
8
7
6
5
4
3
2
1
4  2            0.8486700
1  36             0.497370
1  44             0.879000
37  28             0.340000
27  29             0.123400
8  3             0.847800
49  39             0.654400
49  50             0.124300
33  48             0.112400
15  23             0.310800
28  47             07850000
6  12             0.320200
17  12             0.643000
42  7             0.466800
9  42             0.870700
45  24             0.810400
47  45             0.702300
42  46             0.417800
40  15             0.947300
36  50             0.674200
34  20             0.089700
21  18             0.964300
20  40             0.965400
42  6             0.656300
36  49             0.398000
36  11             0.920800
27  31             0.890500
44  24             0.760500
41  22             0.794300
36  2             0.195400
28  5             0.886600
22  40             0.410700
20  38             0.263100
20  16             0.354200
5  41             0.041200
4  43             0.859400
2  8             0.998500
41  47             0.708200
41  44             0.511800
36  39             0.049100
29  33             0.472700
22  43             0.370800
21  12             0.306100
14  7             0.879700
20  14             0.918000
17  6             0.916100
11  3             0.308400
7  29             0.163800
2  21             0.662500
26  44             0.156400
26  39             0.798000
45  26             0.371700
36  4             0.316900
21  10             0.276100
7  10             0.247500
10  17             0.468500
22  10             0.032700
17  42             0.831100
41  25             0.879600
41  1             0.850000
29  9             0.413400
28  24             0.537400
21  17             0.322300
19  2             0.100000
30  5             0.556900
27  33             0.024500
5  34             0.812300
5  37             0.464500
47  37             0.695600
39  1             0.878500
44  39             0.128300
22  34             0.899600
23  5             0.989700
37  30             0.002500
23  16             0.703800
40  34             0.215700
40  23             0.861200
33  35             0.114100
20  7             0.123000
41  36             0.879300
10  20             0.423200
29  42             0.703100
6  46             0.929300
9  46             0.286500
30  23             0.816400
21  32             0.993800
22  21             0.647900
22  18             0.175900
22  20             0.788600
35  48             0.324000
27  38             0.526700
27  14             0.656600
20  27             0.483900
11  50             0.918100
19  11             0.765900
19  3             0.577800
18  19             0.934000
2  32             0.281800
3  13             0.235000
50  13             0.980100
45  28             0.754300
30  15             0.171800
43  41             0.236900
18  43             0.245300
18  4             0.747800
18  2             0.841500
33  31             0.859000
7  17             0.739500
35  31             0.575300
32  8             0.019800
12  32             0.132900
33  9             0.142900
48  9             0.219500
16  15             0.371800
38  16             0.496300
34  41             0.937800
19  8             0.963300
24  47             0.719700
24  25             0.553500
5  47             0.328300
38  31             0.353300
